{"E":11.1607,
"A":8.4966,
"R":7.5809,
"I":7.5448,
"O":7.1635,
"T":6.9509,
"N":6.6544,
"S":5.7351,
"L":5.4893,
"C":4.5388,
"U":3.6308,
"D":3.3844,
"P":3.1671,
"M":3.0129,
"H":3.0034,
"G":2.4705,
"B":2.0720,
"F":1.8121,
"Y":1.7779,
"W":1.2899,
"K":1.1016,
"V":1.0074,
"X":0.2902,
"Z":0.2722,
"J":0.1965,
"Q":0.1962,}


{"E":0.111607,
"A":0.08496600000000001,
"R":0.075809,
"I":0.075448,
"O":0.071635,
"T":0.069509,
"N":0.06654399999999999,
"S":0.057351,
"L":0.054893,
"C":0.045388000000000005,
"U":0.036308,
"D":0.033844,
"P":0.031671,
"M":0.030129000000000003,
"H":0.030034,
"G":0.024704999999999998,
"B":0.020720000000000002,
"F":0.018121,
"Y":0.017779,
"W":0.012899,
"K":0.011016,
"V":0.010074000000000001,
"X":0.002902,
"Z":0.002722,
"J":0.001965,
"Q":0.001962}


























